6,252.39449,18.936756,258.60614,42.118977,241.63557,59.08954,218.45335,52.87788,212.2417,29.69566,229.21228,12.725094,
6,281.78836,48.33063,288.00003,71.51285,271.02948,88.48341,247.84724,82.27176,241.63559,59.089535,258.60617,42.11897,
6,481.30502,48.33063,487.5167,71.51285,470.54614,88.48341,447.36392,82.27176,441.15225,59.089535,458.12283,42.11897,
8,129.45396,88.4834,129.45396,112.4834,112.4834,129.45396,88.4834,129.45396,71.51283,112.4834,71.51283,88.48339,88.48339,71.51283,112.483406,71.51283,
6,152.63618,82.27174,129.45396,88.4834,112.4834,71.51283,118.69506,48.330612,141.87727,42.118958,158.84784,59.089527,
6,152.63618,118.69505,158.84784,141.87727,141.87727,158.84784,118.69505,152.63618,112.4834,129.45396,129.45398,112.4834,
6,182.03006,148.08893,188.24171,171.27115,171.27115,188.24171,148.08893,182.03006,141.87727,158.84784,158.84785,141.87727,
4,217.21228,100.4834,200.24171,117.453964,183.27115,100.4834,200.24171,83.51283,
8,328.97055,88.4834,328.97055,112.4834,312.0,129.45396,288.0,129.45396,271.02942,112.4834,271.02945,88.48339,288.0,71.51283,312.0,71.51283,
6,352.15277,82.27174,328.97055,88.4834,312.0,71.51283,318.21167,48.330612,341.3939,42.118958,358.36444,59.089527,
6,381.54666,52.877865,358.36444,59.089523,341.3939,42.118958,347.60556,18.936737,370.78778,12.725082,387.75833,29.695652,
6,352.15277,118.69505,358.36444,141.87727,341.3939,158.84784,318.21167,152.63618,312.0,129.45396,328.97058,112.4834,
6,381.54666,148.08893,387.75833,171.27115,370.78778,188.24171,347.60556,182.03006,341.3939,158.84784,358.36447,141.87727,
4,416.72885,100.4834,399.7583,117.453964,382.78775,100.4834,399.7583,83.51283,
8,528.4873,88.4834,528.4873,112.4834,511.51672,129.45396,487.51672,129.45396,470.54614,112.4834,470.54617,88.48339,487.51672,71.51283,511.51672,71.51283,
6,551.66956,118.69505,557.8812,141.87727,540.91064,158.84784,517.7284,152.63618,511.51675,129.45396,528.4873,112.4834,
6,82.27176,152.63617,59.089535,158.84782,42.118973,141.87726,48.330635,118.69504,71.51285,112.48338,88.48341,129.45395,
6,52.87788,218.45335,59.08954,241.63557,42.118977,258.60614,18.936756,252.39449,12.725098,229.21227,29.695673,212.2417,
6,82.27176,247.84724,88.48341,271.02948,71.51285,288.00003,48.33063,281.78836,42.118973,258.60614,59.089546,241.63559,
4,117.45398,200.2417,100.48341,217.21227,83.51285,200.2417,100.48341,183.27113,
8,229.21227,188.2417,229.21227,212.2417,212.2417,229.21227,188.2417,229.21227,171.27113,212.2417,171.27113,188.24168,188.2417,171.27113,212.2417,171.27113,
6,252.39449,182.03004,229.21227,188.2417,212.2417,171.27113,218.45335,148.08891,241.63557,141.87726,258.60614,158.84782,
6,281.78836,152.63617,258.60614,158.84782,241.63559,141.87726,247.84724,118.69504,271.02948,112.48338,288.00003,129.45395,
6,252.39449,218.45335,258.60614,241.63557,241.63557,258.60614,218.45335,252.39449,212.2417,229.21227,229.21228,212.2417,
6,281.78836,247.84724,288.00003,271.02948,271.02948,288.00003,247.84724,281.78836,241.63559,258.60614,258.60617,241.63559,
4,316.97055,200.2417,300.0,217.21227,283.02945,200.2417,300.0,183.27113,
8,428.7289,188.2417,428.7289,212.2417,411.75836,229.21227,387.75836,229.21227,370.78778,212.2417,370.7878,188.24168,387.75836,171.27113,411.75836,171.27113,
6,451.91113,182.03004,428.7289,188.2417,411.75836,171.27113,417.97003,148.08891,441.15225,141.87726,458.1228,158.84782,
6,481.30502,152.63617,458.1228,158.84782,441.15225,141.87726,447.36392,118.69504,470.54614,112.48338,487.5167,129.45395,
6,451.91113,218.45335,458.1228,241.63557,441.15225,258.60614,417.97003,252.39449,411.75836,229.21227,428.72894,212.2417,
6,481.30502,247.84724,487.5167,271.02948,470.54614,288.00003,447.36392,281.78836,441.15225,258.60614,458.12283,241.63559,
4,516.48724,200.2417,499.51666,217.21227,482.5461,200.2417,499.51666,183.27113,
8,129.45396,288.0,129.45396,312.0,112.4834,328.97055,88.4834,328.97058,71.51283,312.0,71.51283,288.0,88.48339,271.02945,112.483406,271.02945,
6,152.63618,281.78833,129.45396,288.0,112.4834,271.02942,118.69506,247.84721,141.87727,241.63556,158.84784,258.60614,
6,182.03006,252.39447,158.84784,258.60614,141.87727,241.63556,148.08893,218.45334,171.27115,212.24168,188.24171,229.21225,
6,152.63618,318.21167,158.84784,341.3939,141.87727,358.36444,118.69505,352.15277,112.4834,328.97055,129.45398,312.0,
6,182.03006,347.60556,188.24171,370.78778,171.27115,387.75833,148.08893,381.54666,141.87727,358.36444,158.84785,341.3939,
4,217.21228,300.0,200.24171,316.97055,183.27115,300.0,200.24171,283.02945,
8,328.97055,288.0,328.97055,312.0,312.0,328.97055,288.0,328.97058,271.02942,312.0,271.02945,288.0,288.0,271.02945,312.0,271.02945,
6,352.15277,281.78833,328.97055,288.0,312.0,271.02942,318.21167,247.84721,341.3939,241.63556,358.36444,258.60614,
6,381.54666,252.39447,358.36444,258.60614,341.3939,241.63556,347.60556,218.45334,370.78778,212.24168,387.75833,229.21225,
6,352.15277,318.21167,358.36444,341.3939,341.3939,358.36444,318.21167,352.15277,312.0,328.97055,328.97058,312.0,
6,381.54666,347.60556,387.75833,370.78778,370.78778,387.75833,347.60556,381.54666,341.3939,358.36444,358.36447,341.3939,
4,416.72885,300.0,399.7583,316.97055,382.78775,300.0,399.7583,283.02945,
8,528.4873,288.0,528.4873,312.0,511.51672,328.97055,487.51672,328.97058,470.54614,312.0,470.54617,288.0,487.51672,271.02945,511.51672,271.02945,
6,551.66956,281.78833,528.4873,288.0,511.51675,271.02942,517.7284,247.84721,540.91064,241.63556,557.8812,258.60614,
6,581.0634,252.39447,557.88116,258.60614,540.91064,241.63556,547.12225,218.45334,570.3045,212.24168,587.275,229.21225,
6,551.66956,318.21167,557.8812,341.3939,540.91064,358.36444,517.7284,352.15277,511.51675,328.97055,528.4873,312.0,
6,581.0634,347.60556,587.275,370.78778,570.3045,387.75833,547.12225,381.54666,540.91064,358.36444,557.88116,341.3939,
6,52.87788,381.5467,29.695658,387.75836,12.725098,370.78778,18.936758,347.6056,42.118973,341.39392,59.08954,358.3645,
6,82.27176,352.1528,59.089535,358.36447,42.118973,341.3939,48.330635,318.21167,71.51285,312.00003,88.48341,328.9706,
6,82.27176,447.36392,88.48341,470.54614,71.51285,487.5167,48.33063,481.30502,42.118973,458.1228,59.089546,441.15225,
4,117.45398,399.75836,100.48341,416.7289,83.51285,399.75836,100.48341,382.7878,
8,229.21227,387.75836,229.21227,411.75836,212.2417,428.7289,188.2417,428.72894,171.27113,411.75836,171.27113,387.75836,188.2417,370.7878,212.2417,370.7878,
6,252.39449,381.5467,229.21227,387.75836,212.2417,370.78778,218.45335,347.6056,241.63557,341.39392,258.60614,358.3645,
6,281.78836,352.1528,258.60614,358.36447,241.63559,341.3939,247.84724,318.21167,271.02948,312.00003,288.00003,328.9706,
6,252.39449,417.97003,258.60614,441.15225,241.63557,458.1228,218.45335,451.91113,212.2417,428.7289,229.21228,411.75836,
6,281.78836,447.36392,288.00003,470.54614,271.02948,487.5167,247.84724,481.30502,241.63559,458.1228,258.60617,441.15225,
4,316.97055,399.75836,300.0,416.7289,283.02945,399.75836,300.0,382.7878,
8,428.7289,387.75836,428.7289,411.75836,411.75836,428.7289,387.75836,428.72894,370.78778,411.75836,370.7878,387.75836,387.75836,370.7878,411.75836,370.7878,
6,451.91113,381.5467,428.7289,387.75836,411.75836,370.78778,417.97003,347.6056,441.15225,341.39392,458.1228,358.3645,
6,481.30502,352.1528,458.1228,358.36447,441.15225,341.3939,447.36392,318.21167,470.54614,312.00003,487.5167,328.9706,
6,451.91113,417.97003,458.1228,441.15225,441.15225,458.1228,417.97003,451.91113,411.75836,428.7289,428.72894,411.75836,
6,481.30502,447.36392,487.5167,470.54614,470.54614,487.5167,447.36392,481.30502,441.15225,458.1228,458.12283,441.15225,
4,516.48724,399.75836,499.51666,416.7289,482.5461,399.75836,499.51666,382.7878,
8,129.45396,487.51672,129.45396,511.51672,112.4834,528.4873,88.4834,528.4873,71.51283,511.51672,71.51283,487.51672,88.48339,470.54617,112.483406,470.54617,
6,152.63618,481.30505,129.45396,487.51672,112.4834,470.54614,118.69506,447.36395,141.87727,441.15228,158.84784,458.12286,
6,182.03006,451.91116,158.84784,458.12283,141.87727,441.15225,148.08893,417.97003,171.27115,411.7584,188.24171,428.72897,
6,152.63618,517.7284,158.84784,540.91064,141.87727,557.8812,118.69505,551.66956,112.4834,528.4873,129.45398,511.51675,
4,217.21228,499.51672,200.24171,516.4873,183.27115,499.51672,200.24171,482.54617,
8,328.97055,487.51672,328.97055,511.51672,312.0,528.4873,288.0,528.4873,271.02942,511.51672,271.02945,487.51672,288.0,470.54617,312.0,470.54617,
6,352.15277,481.30505,328.97055,487.51672,312.0,470.54614,318.21167,447.36395,341.3939,441.15228,358.36444,458.12286,
6,381.54666,451.91116,358.36444,458.12283,341.3939,441.15225,347.60556,417.97003,370.78778,411.7584,387.75833,428.72897,
6,352.15277,517.7284,358.36444,540.91064,341.3939,557.8812,318.21167,551.66956,312.0,528.4873,328.97058,511.51675,
6,381.54666,547.12225,387.75833,570.3045,370.78778,587.275,347.60556,581.0634,341.3939,557.88116,358.36447,540.9106,
4,416.72885,499.51672,399.7583,516.4873,382.78775,499.51672,399.7583,482.54617,
8,528.4873,487.51672,528.4873,511.51672,511.51672,528.4873,487.51672,528.4873,470.54614,511.51672,470.54617,487.51672,487.51672,470.54617,511.51672,470.54617,
6,551.66956,481.30505,528.4873,487.51672,511.51675,470.54614,517.7284,447.36395,540.91064,441.15228,557.8812,458.12286,
6,252.39449,581.06335,229.21227,587.275,212.2417,570.30444,218.45335,547.1222,241.63557,540.9105,258.60614,557.8811,
6,281.78836,551.6695,258.60614,557.8811,241.63559,540.9106,247.84724,517.72833,271.02948,511.5167,288.00003,528.48724,
6,481.30502,551.6695,458.1228,557.8811,441.15225,540.9106,447.36392,517.72833,470.54614,511.5167,487.5167,528.48724,
7,252.39449,18.936756,266.08218,0.72509766,283.02945,0.72509617,300.0,17.69566,300.0,34.642906,281.78836,48.33063,258.60614,42.118977,
5,188.2417,29.695663,212.2417,29.695662,218.45335,52.87788,200.2417,66.56559,182.03006,52.877865,
7,158.84784,59.089527,182.03006,52.877865,200.2417,66.56559,200.24171,83.51283,183.27115,100.4834,166.32388,100.4834,152.63618,82.27174,
5,387.75836,29.695663,411.75836,29.695662,417.97003,52.87788,399.75836,66.56559,381.54666,52.877865,
7,358.36444,59.089527,381.54666,52.877865,399.75836,66.56559,399.7583,83.51283,382.78775,100.4834,365.84048,100.4834,352.15277,82.27174,
5,129.45396,88.4834,152.63618,82.27174,166.32388,100.4834,152.63618,118.69505,129.45396,112.4834,
7,152.63618,118.69505,166.32388,100.4834,183.27115,100.4834,200.24171,117.453964,200.2417,134.40121,182.03006,148.08893,158.84784,141.87727,
5,88.4834,129.45396,112.4834,129.45396,118.69505,152.63618,100.4834,166.32388,82.27176,152.63617,
7,59.08954,158.84782,82.27176,152.63617,100.4834,166.32388,100.48341,183.27113,83.51285,200.2417,66.56559,200.2417,52.87788,182.03004,
5,328.97055,88.4834,352.15277,82.27174,365.84048,100.4834,352.15277,118.69505,328.97055,112.4834,
7,352.15277,118.69505,365.84048,100.4834,382.78775,100.4834,399.7583,117.453964,399.75836,134.40121,381.54666,148.08893,358.36444,141.87727,
5,288.0,129.45396,312.0,129.45396,318.21167,152.63618,300.0,166.32388,281.78836,152.63617,
7,258.60614,158.84782,281.78836,152.63617,300.0,166.32388,300.0,183.27113,283.02945,200.2417,266.08218,200.2417,252.39449,182.03004,
5,247.84724,82.27176,271.02948,88.48341,271.02942,112.4834,247.84724,118.69504,234.15952,100.48339,
7,200.2417,66.56559,218.45335,52.87788,241.63557,59.08954,247.84724,82.27176,234.15952,100.48339,217.21228,100.4834,200.24171,83.51283,
5,281.78836,48.33063,300.0,34.642906,318.21167,48.330612,312.0,71.51283,288.00003,71.51285,
7,300.0,17.69566,316.97055,0.72509766,333.91788,0.7250919,347.60556,18.936737,341.3939,42.118958,318.21167,48.330612,300.0,34.642906,
5,487.51672,129.45396,511.51672,129.45396,517.7284,152.63618,499.51672,166.32388,481.30502,152.63617,
7,458.1228,158.84782,481.30502,152.63617,499.51672,166.32388,499.51666,183.27113,482.5461,200.2417,465.59885,200.2417,451.91113,182.03004,
5,447.36392,82.27176,470.54614,88.48341,470.54614,112.4834,447.36392,118.69504,433.67624,100.48339,
7,399.75836,66.56559,417.97003,52.87788,441.15225,59.08954,447.36392,82.27176,433.67624,100.48339,416.72885,100.4834,399.7583,83.51283,
5,29.695662,188.2417,52.87788,182.03004,66.56559,200.2417,52.87788,218.45335,29.695662,212.2417,
7,52.87788,218.45335,66.56559,200.2417,83.51285,200.2417,100.48341,217.21227,100.4834,234.15952,82.27176,247.84724,59.08954,241.63557,
5,229.21227,188.2417,252.39449,182.03004,266.08218,200.2417,252.39449,218.45335,229.21227,212.2417,
7,252.39449,218.45335,266.08218,200.2417,283.02945,200.2417,300.0,217.21227,300.0,234.15952,281.78836,247.84724,258.60614,241.63557,
5,188.2417,229.21227,212.2417,229.21227,218.45335,252.39449,200.2417,266.08218,182.03006,252.39447,
7,158.84784,258.60614,182.03006,252.39447,200.2417,266.08218,200.24171,283.02945,183.27115,300.0,166.32388,300.0,152.63618,281.78833,
5,148.08893,182.03006,171.27115,188.24171,171.27113,212.2417,148.08893,218.45334,134.40121,200.2417,
7,100.4834,166.32388,118.69505,152.63618,141.87727,158.84784,148.08893,182.03006,134.40121,200.2417,117.45398,200.2417,100.48341,183.27113,
5,182.03006,148.08893,200.2417,134.40121,218.45335,148.08891,212.2417,171.27113,188.24171,171.27115,
7,200.24171,117.453964,217.21228,100.4834,234.15952,100.48339,247.84724,118.69504,241.63557,141.87726,218.45335,148.08891,200.2417,134.40121,
5,428.7289,188.2417,451.91113,182.03004,465.59885,200.2417,451.91113,218.45335,428.7289,212.2417,
7,451.91113,218.45335,465.59885,200.2417,482.5461,200.2417,499.51666,217.21227,499.51672,234.15952,481.30502,247.84724,458.1228,241.63557,
5,387.75836,229.21227,411.75836,229.21227,417.97003,252.39449,399.75836,266.08218,381.54666,252.39447,
7,358.36444,258.60614,381.54666,252.39447,399.75836,266.08218,399.7583,283.02945,382.78775,300.0,365.84048,300.0,352.15277,281.78833,
5,347.60556,182.03006,370.78778,188.24171,370.78778,212.2417,347.60556,218.45334,333.91788,200.2417,
7,300.0,166.32388,318.21167,152.63618,341.3939,158.84784,347.60556,182.03006,333.91788,200.2417,316.97055,200.2417,300.0,183.27113,
5,381.54666,148.08893,399.75836,134.40121,417.97003,148.08891,411.75836,171.27113,387.75833,171.27115,
7,399.7583,117.453964,416.72885,100.4834,433.67624,100.48339,447.36392,118.69504,441.15225,141.87726,417.97003,148.08891,399.75836,134.40121,
7,557.8812,258.60614,581.0634,252.39447,599.275,266.08218,599.275,283.02945,582.30444,300.0,565.35724,300.0,551.66956,281.78833,
5,547.12225,182.03006,570.3045,188.24171,570.30444,212.2417,547.12225,218.45334,533.4345,200.2417,
7,499.51672,166.32388,517.7284,152.63618,540.91064,158.84784,547.12225,182.03006,533.4345,200.2417,516.48724,200.2417,499.51666,183.27113,
5,129.45396,288.0,152.63618,281.78833,166.32388,300.0,152.63618,318.21167,129.45396,312.0,
7,152.63618,318.21167,166.32388,300.0,183.27115,300.0,200.24171,316.97055,200.2417,333.91788,182.03006,347.60556,158.84784,341.3939,
5,88.4834,328.97058,112.4834,328.97055,118.69505,352.15277,100.4834,365.84048,82.27176,352.1528,
7,59.08954,358.3645,82.27176,352.1528,100.4834,365.84048,100.48341,382.7878,83.51285,399.75836,66.56559,399.75836,52.87788,381.5467,
5,48.33063,281.78836,71.51285,288.00003,71.51283,312.0,48.330635,318.21167,34.642906,300.0,
7,0.7250948,266.08218,18.936756,252.39449,42.118977,258.60614,48.33063,281.78836,34.642906,300.0,17.695614,300.0,0.72505206,283.02945,
5,82.27176,247.84724,100.4834,234.15952,118.69506,247.84721,112.483406,271.02945,88.48341,271.02948,
7,100.48341,217.21227,117.45398,200.2417,134.40121,200.2417,148.08893,218.45334,141.87727,241.63556,118.69506,247.84721,100.4834,234.15952,
5,328.97055,288.0,352.15277,281.78833,365.84048,300.0,352.15277,318.21167,328.97055,312.0,
7,352.15277,318.21167,365.84048,300.0,382.78775,300.0,399.7583,316.97055,399.75836,333.91788,381.54666,347.60556,358.36444,341.3939,
5,288.0,328.97058,312.0,328.97055,318.21167,352.15277,300.0,365.84048,281.78836,352.1528,
7,258.60614,358.3645,281.78836,352.1528,300.0,365.84048,300.0,382.7878,283.02945,399.75836,266.08218,399.75836,252.39449,381.5467,
5,247.84724,281.78836,271.02948,288.00003,271.02942,312.0,247.84724,318.21167,234.15952,300.0,
7,200.2417,266.08218,218.45335,252.39449,241.63557,258.60614,247.84724,281.78836,234.15952,300.0,217.21228,300.0,200.24171,283.02945,
5,281.78836,247.84724,300.0,234.15952,318.21167,247.84721,312.0,271.02945,288.00003,271.02948,
7,300.0,217.21227,316.97055,200.2417,333.91788,200.2417,347.60556,218.45334,341.3939,241.63556,318.21167,247.84721,300.0,234.15952,
5,528.4873,288.0,551.66956,281.78833,565.35724,300.0,551.66956,318.21167,528.4873,312.0,
7,551.66956,318.21167,565.35724,300.0,582.30444,300.0,599.275,316.97055,599.275,333.91788,581.0634,347.60556,557.8812,341.3939,
5,487.51672,328.97058,511.51672,328.97055,517.7284,352.15277,499.51672,365.84048,481.30502,352.1528,
7,458.1228,358.3645,481.30502,352.1528,499.51672,365.84048,499.51666,382.7878,482.5461,399.75836,465.59885,399.75836,451.91113,381.5467,
5,447.36392,281.78836,470.54614,288.00003,470.54614,312.0,447.36392,318.21167,433.67624,300.0,
7,399.75836,266.08218,417.97003,252.39449,441.15225,258.60614,447.36392,281.78836,433.67624,300.0,416.72885,300.0,399.7583,283.02945,
5,481.30502,247.84724,499.51672,234.15952,517.7284,247.84721,511.51672,271.02945,487.5167,271.02948,
7,499.51666,217.21227,516.48724,200.2417,533.4345,200.2417,547.12225,218.45334,540.91064,241.63556,517.7284,247.84721,499.51672,234.15952,
5,29.695662,387.75836,52.87788,381.5467,66.56559,399.75836,52.87788,417.97003,29.695662,411.75836,
7,52.87788,417.97003,66.56559,399.75836,83.51285,399.75836,100.48341,416.7289,100.4834,433.67624,82.27176,447.36392,59.08954,441.15225,
7,0.72505116,316.97055,17.695614,300.0,34.642906,300.0,48.330635,318.21167,42.118973,341.39392,18.936758,347.6056,0.7250948,333.91788,
5,229.21227,387.75836,252.39449,381.5467,266.08218,399.75836,252.39449,417.97003,229.21227,411.75836,
7,252.39449,417.97003,266.08218,399.75836,283.02945,399.75836,300.0,416.7289,300.0,433.67624,281.78836,447.36392,258.60614,441.15225,
5,188.2417,428.72894,212.2417,428.7289,218.45335,451.91113,200.2417,465.59885,182.03006,451.91116,
7,158.84784,458.12286,182.03006,451.91116,200.2417,465.59885,200.24171,482.54617,183.27115,499.51672,166.32388,499.51672,152.63618,481.30505,
5,148.08893,381.54666,171.27115,387.75833,171.27113,411.75836,148.08893,417.97003,134.40121,399.75836,
7,100.4834,365.84048,118.69505,352.15277,141.87727,358.36444,148.08893,381.54666,134.40121,399.75836,117.45398,399.75836,100.48341,382.7878,
5,182.03006,347.60556,200.2417,333.91788,218.45335,347.6056,212.2417,370.7878,188.24171,370.78778,
7,200.24171,316.97055,217.21228,300.0,234.15952,300.0,247.84724,318.21167,241.63557,341.39392,218.45335,347.6056,200.2417,333.91788,
5,428.7289,387.75836,451.91113,381.5467,465.59885,399.75836,451.91113,417.97003,428.7289,411.75836,
7,451.91113,417.97003,465.59885,399.75836,482.5461,399.75836,499.51666,416.7289,499.51672,433.67624,481.30502,447.36392,458.1228,441.15225,
5,387.75836,428.72894,411.75836,428.7289,417.97003,451.91113,399.75836,465.59885,381.54666,451.91116,
7,358.36444,458.12286,381.54666,451.91116,399.75836,465.59885,399.7583,482.54617,382.78775,499.51672,365.84048,499.51672,352.15277,481.30505,
5,347.60556,381.54666,370.78778,387.75833,370.78778,411.75836,347.60556,417.97003,333.91788,399.75836,
7,300.0,365.84048,318.21167,352.15277,341.3939,358.36444,347.60556,381.54666,333.91788,399.75836,316.97055,399.75836,300.0,382.7878,
5,381.54666,347.60556,399.75836,333.91788,417.97003,347.6056,411.75836,370.7878,387.75833,370.78778,
7,399.7583,316.97055,416.72885,300.0,433.67624,300.0,447.36392,318.21167,441.15225,341.39392,417.97003,347.6056,399.75836,333.91788,
5,547.12225,381.54666,570.3045,387.75833,570.30444,411.75836,547.12225,417.97003,533.4345,399.75836,
7,499.51672,365.84048,517.7284,352.15277,540.91064,358.36444,547.12225,381.54666,533.4345,399.75836,516.48724,399.75836,499.51666,382.7878,
5,129.45396,487.51672,152.63618,481.30505,166.32388,499.51672,152.63618,517.7284,129.45396,511.51672,
7,152.63618,517.7284,166.32388,499.51672,183.27115,499.51672,200.24171,516.4873,200.2417,533.4345,182.03006,547.12225,158.84784,540.91064,
5,82.27176,447.36392,100.4834,433.67624,118.69506,447.36395,112.483406,470.54617,88.48341,470.54614,
7,100.48341,416.7289,117.45398,399.75836,134.40121,399.75836,148.08893,417.97003,141.87727,441.15228,118.69506,447.36395,100.4834,433.67624,
5,328.97055,487.51672,352.15277,481.30505,365.84048,499.51672,352.15277,517.7284,328.97055,511.51672,
7,352.15277,517.7284,365.84048,499.51672,382.78775,499.51672,399.7583,516.4873,399.75836,533.4345,381.54666,547.12225,358.36444,540.91064,
5,288.0,528.4873,312.0,528.4873,318.21167,551.66956,300.0,565.35724,281.78836,551.6695,
7,258.60614,557.8811,281.78836,551.6695,300.0,565.35724,300.0,582.30444,283.02945,599.275,266.08218,599.275,252.39449,581.06335,
5,247.84724,481.30502,271.02948,487.5167,271.02942,511.51672,247.84724,517.72833,234.15952,499.51672,
7,200.2417,465.59885,218.45335,451.91113,241.63557,458.1228,247.84724,481.30502,234.15952,499.51672,217.21228,499.51672,200.24171,482.54617,
5,281.78836,447.36392,300.0,433.67624,318.21167,447.36395,312.0,470.54617,288.00003,470.54614,
7,300.0,416.7289,316.97055,399.75836,333.91788,399.75836,347.60556,417.97003,341.3939,441.15228,318.21167,447.36395,300.0,433.67624,
5,447.36392,481.30502,470.54614,487.5167,470.54614,511.51672,447.36392,517.72833,433.67624,499.51672,
7,399.75836,465.59885,417.97003,451.91113,441.15225,458.1228,447.36392,481.30502,433.67624,499.51672,416.72885,499.51672,399.7583,482.54617,
5,481.30502,447.36392,499.51672,433.67624,517.7284,447.36395,511.51672,470.54617,487.5167,470.54614,
7,499.51666,416.7289,516.48724,399.75836,533.4345,399.75836,547.12225,417.97003,540.91064,441.15228,517.7284,447.36395,499.51672,433.67624,
5,182.03006,547.12225,200.2417,533.4345,218.45335,547.1222,212.2417,570.30444,188.24171,570.3045,
7,200.24171,516.4873,217.21228,499.51672,234.15952,499.51672,247.84724,517.72833,241.63557,540.9105,218.45335,547.1222,200.2417,533.4345,
7,300.0,565.35724,318.21167,551.66956,341.3939,557.8812,347.60556,581.0634,333.91788,599.275,316.97055,599.275,300.0,582.30444,
5,381.54666,547.12225,399.75836,533.4345,417.97003,547.1222,411.75836,570.30444,387.75833,570.3045,
7,399.7583,516.4873,416.72885,499.51672,433.67624,499.51672,447.36392,517.72833,441.15225,540.9105,417.97003,547.1222,399.75836,533.4345,
